[gd_scene load_steps=13 format=3 uid="uid://cqb1twp436bhj"]

[ext_resource type="PackedScene" uid="uid://b7ghunxqy8hs6" path="res://scn/player.tscn" id="1_yufry"]
[ext_resource type="PackedScene" uid="uid://b54whow5jf4ob" path="res://scn/mapa_1.tscn" id="3_ctbvs"]
[ext_resource type="PackedScene" uid="uid://bpcvupgae0lec" path="res://obj/objs/placapare1.gltf" id="3_u6fpa"]
[ext_resource type="PackedScene" uid="uid://d3obwb3mi24yf" path="res://scn/lobisomem.tscn" id="4_c6b1t"]
[ext_resource type="Texture2D" uid="uid://bfgqxvk7damtn" path="res://ast/ceu1.png" id="5_bhwos"]

[sub_resource type="GDScript" id="GDScript_qbplh"]
script/source = "extends Node3D

@onready var ceuanim = $ceuanim

func _process(delta: float) -> void:
	ceuanim.play(\"gira\")
	pass
"

[sub_resource type="Environment" id="Environment_37vwl"]
background_mode = 1
background_color = Color(0.44544, 0.593464, 0.73979, 1)
fog_light_color = Color(0.121945, 0.206724, 0.306681, 1)
fog_light_energy = 0.33
volumetric_fog_density = 0.029
volumetric_fog_albedo = Color(0.381703, 0.381703, 0.381703, 1)
volumetric_fog_emission = Color(0.0846899, 0.0846899, 0.0846899, 1)

[sub_resource type="StandardMaterial3D" id="StandardMaterial3D_cmfrt"]
albedo_texture = ExtResource("5_bhwos")
emission = Color(0.0768358, 0.0768358, 0.0768358, 1)

[sub_resource type="SphereMesh" id="SphereMesh_vj2ie"]
material = SubResource("StandardMaterial3D_cmfrt")
flip_faces = true

[sub_resource type="Animation" id="Animation_rhbq2"]
resource_name = "gira"
length = 120.0
loop_mode = 1
tracks/0/type = "value"
tracks/0/imported = false
tracks/0/enabled = true
tracks/0/path = NodePath("ceu:rotation")
tracks/0/interp = 1
tracks/0/loop_wrap = true
tracks/0/keys = {
"times": PackedFloat32Array(0, 60, 120),
"transitions": PackedFloat32Array(1, 1, 1),
"update": 0,
"values": [Vector3(0, 0, 0), Vector3(0, 3.14159, 0), Vector3(0, 6.28319, 0)]
}

[sub_resource type="Animation" id="Animation_mfiwn"]
length = 0.001
tracks/0/type = "value"
tracks/0/imported = false
tracks/0/enabled = true
tracks/0/path = NodePath("ceu:rotation")
tracks/0/interp = 1
tracks/0/loop_wrap = true
tracks/0/keys = {
"times": PackedFloat32Array(0),
"transitions": PackedFloat32Array(1),
"update": 0,
"values": [Vector3(0, 0, 0)]
}

[sub_resource type="AnimationLibrary" id="AnimationLibrary_okhkw"]
_data = {
"RESET": SubResource("Animation_mfiwn"),
"gira": SubResource("Animation_rhbq2")
}

[node name="mundo" type="Node3D"]
script = SubResource("GDScript_qbplh")

[node name="player" parent="." instance=ExtResource("1_yufry")]
transform = Transform3D(-0.993052, 0, -0.117676, 0, 1, 0, 0.117676, 0, -0.993052, 16.7869, 4.26523, -12.179)

[node name="Camera3D" type="Camera3D" parent="player"]
transform = Transform3D(1, 0, 0, 0, 0.970511, 0.241058, 0, -0.241058, 0.970511, 0, 2.21909, 5.15178)

[node name="WorldEnvironment" type="WorldEnvironment" parent="."]
environment = SubResource("Environment_37vwl")

[node name="DirectionalLight3D" type="DirectionalLight3D" parent="."]
transform = Transform3D(0.947288, 0.246008, -0.205243, 0.265961, -0.246647, 0.931896, 0.178631, -0.937361, -0.299074, 1.50724, 23.2219, -27.6866)
light_color = Color(0.163982, 0.221408, 0.31382, 1)
shadow_enabled = true
shadow_blur = 2.429

[node name="blockbench_export" parent="." instance=ExtResource("3_u6fpa")]
transform = Transform3D(4.9347, 0, -0.805436, 0, 5, 0, 0.805436, 0, 4.9347, -7.88994, -3.24311, 63.769)

[node name="mapa1" parent="." instance=ExtResource("3_ctbvs")]

[node name="Lobisomem" parent="." node_paths=PackedStringArray("player") instance=ExtResource("4_c6b1t")]
transform = Transform3D(1, 0, 0, 0, 1, 0, 0, 0, 1, 9.12258, 8.19046, -25.7944)
player = NodePath("../player")

[node name="Camera3D" type="Camera3D" parent="."]
transform = Transform3D(-0.683446, -0.00788143, -0.729958, 0.00594431, 0.999848, -0.016361, 0.729977, -0.015521, -0.683296, -6.22525, 7.2239, -27.8946)
current = true

[node name="ceu" type="MeshInstance3D" parent="."]
transform = Transform3D(200, 0, 0, 0, 200, 0, 0, 0, 200, -3.06046, 10.4568, -6.46128)
mesh = SubResource("SphereMesh_vj2ie")

[node name="ceuanim" type="AnimationPlayer" parent="."]
libraries = {
"": SubResource("AnimationLibrary_okhkw")
}
