[gd_scene load_steps=7 format=3 uid="uid://cqb1twp436bhj"]

[ext_resource type="PackedScene" uid="uid://b7ghunxqy8hs6" path="res://scn/player.tscn" id="1_yufry"]
[ext_resource type="PackedScene" uid="uid://b54whow5jf4ob" path="res://scn/mapa_1.tscn" id="3_ctbvs"]
[ext_resource type="PackedScene" uid="uid://bpcvupgae0lec" path="res://obj/placapare1.gltf" id="3_u6fpa"]
[ext_resource type="PackedScene" uid="uid://d3obwb3mi24yf" path="res://scn/lobisomem.tscn" id="4_c6b1t"]

[sub_resource type="GDScript" id="GDScript_qbplh"]
script/source = "extends Node3D

func _process(delta: float) -> void:
	pass
"

[sub_resource type="Environment" id="Environment_37vwl"]
background_color = Color(0.0350491, 0.0724851, 0.109033, 1)
fog_enabled = true
fog_light_color = Color(0.249902, 0.386745, 0.548541, 1)
fog_light_energy = 0.33
volumetric_fog_enabled = true

[node name="mundo" type="Node3D"]
script = SubResource("GDScript_qbplh")

[node name="player" parent="." instance=ExtResource("1_yufry")]
transform = Transform3D(-0.993052, 0, -0.117676, 0, 1, 0, 0.117676, 0, -0.993052, 4.40287, 4.26523, -12.179)

[node name="Camera3D" type="Camera3D" parent="player"]
transform = Transform3D(1, 0, 0, 0, 0.970511, 0.241058, 0, -0.241058, 0.970511, 0, 2.21909, 5.15178)

[node name="WorldEnvironment" type="WorldEnvironment" parent="."]
environment = SubResource("Environment_37vwl")

[node name="DirectionalLight3D" type="DirectionalLight3D" parent="."]
transform = Transform3D(0.947288, 0.246008, -0.205243, 0.265961, -0.246647, 0.931896, 0.178631, -0.937361, -0.299074, 1.50724, 23.2219, -27.6866)
light_color = Color(0.425668, 0.533439, 0.578021, 1)
shadow_enabled = true
shadow_blur = 2.429

[node name="blockbench_export" parent="." instance=ExtResource("3_u6fpa")]
transform = Transform3D(4.9347, 0, -0.805436, 0, 5, 0, 0.805436, 0, 4.9347, -7.88994, -3.24311, 63.769)

[node name="mapa1" parent="." instance=ExtResource("3_ctbvs")]

[node name="Lobisomem" parent="." node_paths=PackedStringArray("player") instance=ExtResource("4_c6b1t")]
transform = Transform3D(1, 0, 0, 0, 1, 0, 0, 0, 1, 9.12258, 8.19046, -25.7944)
player = NodePath("../player")

[node name="Camera3D" type="Camera3D" parent="."]
transform = Transform3D(-0.855685, 0.0141561, 0.517304, 0.00483807, 0.999801, -0.019357, -0.517475, -0.0140607, -0.855583, 13.2431, 7.2239, -15.9362)
current = true
